image: ./merged_map.pgm
resolution: 0.05
origin: [-178.4892602779954, -135.277619262106, 0]
negate: 0
occupied_thresh: 0.65
free_thresh: 0.25
