image: ./merged_map.pgm
resolution: 0.05
origin: [-324.45192023332896, -132.99999999999997, 0]
negate: 0
occupied_thresh: 0.65
free_thresh: 0.25
