image: ./map4.pgm
mode: trinary
resolution: 0.05
origin: [-161.414443, -188.767431, 0.0]
negate: 0
occupied_thresh: 0.65
free_thresh: 0.25
