image: ./merged_map.pgm
resolution: 0.05
origin: [-161.4144425106064, -188.767430702546, 0]
negate: 0
occupied_thresh: 0.65
free_thresh: 0.25
