image: ./map1.pgm
mode: trinary
resolution: 0.05
origin: [-301.972421, -116.867695, 0.0]
negate: 0
occupied_thresh: 0.65
free_thresh: 0.25
