image: ./map5.pgm
mode: trinary
resolution: 0.05
origin: [-364.105721, -198.861627, 0.0]
negate: 0
occupied_thresh: 0.65
free_thresh: 0.25
