image: ./merged_map.pgm
resolution: 0.05
origin: [-511.642073490017, -198.86162705039501, 0]
negate: 0
occupied_thresh: 0.65
free_thresh: 0.25
