image: ./merged_map.pgm
resolution: 0.05
origin: [-44.33637686098955, -57.53278442845997, 0]
negate: 0
occupied_thresh: 0.65
free_thresh: 0.25
