image: ./map5.pgm
mode: trinary
resolution: 0.05
origin: [-375.057285, -201.747503, 0.0]
negate: 0
occupied_thresh: 0.65
free_thresh: 0.25
