image: ./merged_map.pgm
resolution: 0.05
origin: [-511.5835269124594, -201.74750312570418, 0]
negate: 0
occupied_thresh: 0.65
free_thresh: 0.25
