image: ./map5.pgm
mode: trinary
resolution: 0.05
origin: [-362.104328, -195.915065, 0.0]
negate: 0
occupied_thresh: 0.65
free_thresh: 0.25
