image: ./merged_map.pgm
resolution: 0.05
origin: [-38.42993998826428, -313.9091206752564, 0]
negate: 0
occupied_thresh: 0.65
free_thresh: 0.25
