image: ./map10.pgm
mode: trinary
resolution: 0.05
origin: [-588.068359, -222.365316, 0.0]
negate: 0
occupied_thresh: 0.65
free_thresh: 0.25
