image: ./map9.pgm
mode: trinary
resolution: 0.05
origin: [-600.854751, -209.728861, 0.0]
negate: 0
occupied_thresh: 0.65
free_thresh: 0.25
