image: ./merged_map.pgm
resolution: 0.05
origin: [-600.8547513925115, -222.36531585827007, 0]
negate: 0
occupied_thresh: 0.65
free_thresh: 0.25
